484.963699017
231.834058874
184.741962612
142.844169678
139.949949019
134.40784888
125.609414826
109.634565837
110.625020852
132.467673582
486.137683253
301.342952187
233.729045411
208.099688287
159.509622358
128.323553335
151.742213356
134.986076304
137.932371952
138.17257512
130.198983112
119.920232277
123.737748203
769.35669505
799.06843867
474.282523759
341.301560021
321.406939314
229.728080829
275.312567272
227.456812008
263.18064267
247.316590895
210.440325281
208.764345811
187.479927144
180.243282914
153.548639171
192.257023037
202.150987592
176.794405511
231.731489192
183.224850206
263.252368263
256.644046432
244.269092709
163.539140855
170.543627413
164.028491806
155.795781277
134.804330737
130.802399149
155.864497664
145.64276298
117.679792434
132.542120642
129.384363786
128.745430846
